11. 各国政策金利推移一覧      直近1年分を表示全てを表示
年/月
USD
EUR
GBP
AUD
CHF
CAD
NZD
ZAR
JPY
TRY
2015/06
0.25
0.05
0.50
2.00
-1.25
-
3.25
-
-
-
2015/05
0.25
0.05
0.50
2.00
-1.25
0.75
3.50
5.75
0.10
7.50
2015/04
0.25
0.05
0.50
2.25
-1.25
0.75
3.50
5.75
0.10
7.50
2015/03
0.25
0.05
0.50
2.25
-1.25
0.75
3.50
5.75
0.10
7.50
2015/02
0.25
0.05
0.50
2.25
-1.25
0.75
3.50
5.75
0.10
7.50
2015/01
0.25
0.05
0.50
2.50
-1.25
0.75
3.50
5.75
0.10
7.75
2014/12
0.25
0.05
0.50
2.50
0.00
1.00
3.50
5.75
0.10
8.25
2014/11
0.25
0.05
0.50
2.50
0.00
1.00
3.50
5.75
0.10
8.25
2014/10
0.25
0.05
0.50
2.50
0.00
1.00
3.50
5.75
0.10
8.25
2014/09
0.25
0.05
0.50
2.50
0.00
1.00
3.50
5.75
0.10
8.25
2014/08
0.25
0.15
0.50
2.50
0.00
1.00
3.50
5.75
0.10
8.25
2014/07
0.25
0.15
0.50
2.50
0.00
1.00
3.50
5.75
0.10
8.25
2014/06
0.25
0.15
0.50
2.50
0.00
1.00
3.25
5.50
0.10
8.75
2014/05
0.25
0.25
0.50
2.50
0.00
1.00
3.00
5.50
0.10
9.50
2014/04
0.25
0.25
0.50
2.50
0.00
1.00
3.00
5.50
0.10
10.00
2014/03
0.25
0.25
0.50
2.50
0.00
1.00
2.75
5.50
0.10
10.00
2014/02
0.25
0.25
0.50
2.50
0.00
1.00
2.50
5.50
0.10
10.00
2014/01
0.25
0.25
0.50
2.50
0.00
1.00
2.50
5.50
0.10
10.00
2013/12
0.25
0.25
0.50
2.50
0.00
1.00
2.50
5.00
0.10
4.50
2013/11
0.25
0.25
0.50
2.50
0.00
1.00
2.50
5.00
0.10
4.50
2013/10
0.25
0.50
0.50
2.50
0.00
1.00
2.50
5.00
0.10
4.50
2013/09
0.25
0.50
0.50
2.50
0.00
1.00
2.50
5.00
0.10
4.50
2013/08
0.25
0.50
0.50
2.50
0.00
1.00
2.50
5.00
0.10
4.50
2013/07
0.25
0.50
0.50
2.75
0.00
1.00
2.50
5.00
0.10
4.50
2013/06
0.25
0.50
0.50
2.75
0.00
1.00
2.50
5.00
0.10
4.50
2013/05
0.25
0.50
0.50
2.75
0.00
1.00
2.50
5.00
0.10
4.50
2013/04
0.25
0.75
0.50
3.00
0.00
1.00
2.50
5.00
0.10
5.00
2013/03
0.25
0.75
0.50
3.00
0.00
1.00
2.50
5.00
0.10
5.50
2013/02
0.25
0.75
0.50
3.00
0.00
1.00
2.50
5.00
0.10
5.50
2013/01
0.25
0.75
0.50
3.00
0.00
1.00
2.50
5.00
0.10
5.50
2012/12
0.25
0.75
0.50
3.00
0.00
1.00
2.50
5.00
0.10
5.50
2012/11
0.25
0.75
0.50
3.25
0.00
1.00
2.50
5.00
0.10
5.75
2012/10
0.25
0.75
0.50
3.25
0.00
1.00
2.50
5.00
0.10
5.75
2012/09
0.25
0.75
0.50
3.50
0.00
1.00
2.50
5.00
0.10
5.75
2012/08
0.25
0.75
0.50
3.50
0.00
1.00
2.50
5.00
0.10
5.75
2012/07
0.25
0.75
0.50
3.50
0.00
1.00
2.50
5.00
0.10
5.75
2012/06
0.25
1.00
0.50
3.50
0.00
1.00
2.50
5.50
0.10
5.75
2012/05
0.25
1.00
0.50
3.75
0.00
1.00
2.50
5.50
0.10
5.75
2012/04
0.25
1.00
0.50
4.25
0.00
1.00
2.50
5.50
0.10
5.75
2012/03
0.25
1.00
0.50
4.25
0.00
1.00
2.50
5.50
0.10
5.75
2012/02
0.25
1.00
0.50
4.25
0.00
1.00
2.50
5.50
0.10
5.75
2012/01
0.25
1.00
0.50
4.25
0.00
1.00
2.50
5.50
0.10
5.75
2011/12
0.25
1.00
0.50
4.25
0.00
1.00
2.50
5.50
0.10
5.75
2011/11
0.25
1.25
0.50
4.50
0.00
1.00
2.50
5.50
0.10
5.75
2011/10
0.25
1.50
0.50
4.75
0.00
1.00
2.50
5.50
0.10
5.75
2011/09
0.25
1.50
0.50
4.75
0.00
1.00
2.50
5.50
0.10
5.75
2011/08
0.25
1.50
0.50
4.75
0.00
1.00
2.50
5.50
0.10
5.75
2011/07
0.25
1.50
0.50
4.75
0.00
1.00
2.50
5.50
0.10
6.25
2011/06
0.25
1.25
0.50
4.75
0.25
1.00
2.50
5.50
0.10
6.25
2011/05
0.25
1.25
0.50
4.75
0.25
1.00
2.50
5.50
0.10
6.25
2011/04
0.25
1.25
0.50
4.75
0.25
1.00
2.50
5.50
0.10
6.25
2011/03
0.25
1.00
0.50
4.75
0.25
1.00
2.50
5.50
0.10
6.25
2011/02
0.25
1.00
0.50
4.75
0.25
1.00
2.50
5.50
0.10
6.25
2011/01
0.25
1.00
0.50
4.75
0.25
1.00
2.50
5.50
0.10
6.25
2010/12
0.25
1.00
0.50
4.75
0.25
1.00
3.00
5.50
0.10
6.50
2010/11
0.25
1.00
0.50
4.75
0.25
1.00
3.00
5.50
0.10
7.00
2010/10
0.25
1.00
0.50
4.50
0.25
1.00
3.00
6.00
0.10
7.00
2010/09
0.25
1.00
0.50
4.50
0.25
1.00
3.00
6.00
0.10
7.00
2010/08
0.25
1.00
0.50
4.50
0.25
0.75
3.00
6.50
0.10
7.00
2010/07
0.25
1.00
0.50
4.50
0.25
0.75
3.00
6.50
0.10
7.00
2010/06
0.25
1.00
0.50
4.50
0.25
0.50
2.75
6.50
0.10
7.00
2010/05
0.25
1.00
0.50
4.50
0.25
0.25
2.75
6.50
0.10
7.00
2010/04
0.25
1.00
0.50
4.25
0.25
0.25
2.50
6.50
0.10
-
2010/03
0.25
1.00
0.50
4.00
0.25
0.25
2.50
6.50
0.10
-
2010/02
0.25
1.00
0.50
3.75
0.25
0.25
2.50
7.00
0.10
-
2010/01
0.25
1.00
0.50
3.75
0.25
0.25
2.50
7.00
0.10
-
2009/12
0.25
1.00
0.50
3.75
0.25
0.25
2.50
7.00
0.10
-
2009/11
0.25
1.00
0.50
3.75
0.25
0.25
2.50
7.00
0.10
-
2009/10
0.25
1.00
0.50
3.25
0.25
0.25
2.50
7.00
0.10
-
2009/09
0.25
1.00
0.50
3.00
0.25
0.25
2.50
7.00
0.10
-
2009/08
0.25
1.00
0.50
3.00
0.25
0.25
2.50
7.00
0.10
-
2009/07
0.25
1.00
0.50
3.00
0.25
0.25
2.50
7.50
0.10
-
2009/06
0.25
1.00
0.50
3.00
0.25
0.25
2.50
7.50
0.10
-
2009/05
0.25
1.00
0.50
3.00
0.25
0.25
2.50
8.50
0.10
-
2009/04
0.25
1.25
0.50
3.00
0.25
0.25
2.50
8.50
0.10
-
2009/03
0.25
1.50
0.50
3.25
0.25
0.50
3.00
9.50
0.10
-
2009/02
0.25
2.00
1.00
3.25
0.50
1.00
3.50
10.50
0.10
-
2009/01
0.25
2.00
1.50
4.25
0.50
1.00
3.50
11.50
0.10
-
2008/12
0.25
2.50
2.00
4.25
0.50
1.50
5.00
11.50
0.10
-
2008/11
1.00
3.25
3.00
5.25
1.00
1.50
5.00
12.00
0.30
-
2008/10
1.50
3.75
4.50
6.00
2.50
2.25
6.50
12.00
0.50
-
2008/09
2.00
4.25
5.00
7.00
2.75
3.00
7.50
12.00
0.50
-
2008/08
2.00
4.25
5.00
7.25
2.75
3.00
8.00
12.00
0.50
-
2008/07
2.00
4.25
5.00
7.25
2.75
3.00
8.00
12.00
0.50
-
2008/06
2.00
4.00
5.00
7.25
2.75
3.00
8.25
12.00
0.50
-
2008/05
2.00
4.00
5.00
7.25
2.75
3.00
8.25
11.50
0.50
-
2008/04
2.25
4.00
5.00
7.25
2.75
3.00
8.25
11.50
0.50
-
2008/03
2.25
4.00
5.25
7.25
2.75
3.50
8.25
11.00
0.50
-
2008/02
3.00
4.00
5.25
7.00
2.75
4.00
8.25
11.00
0.50
-
2008/01
3.00
4.00
5.50
6.75
2.75
4.00
8.25
11.00
0.50
-
2007/12
3.50
4.00
5.50
6.75
2.75
4.25
8.25
11.00
0.50
-
2007/11
4.50
4.00
5.75
6.75
2.75
4.50
8.25
10.50
0.50
-
2007/10
4.75
4.00
5.75
6.50
2.75
4.50
8.25
10.50
0.50
-
2007/09
4.75
4.00
5.75
6.50
2.75
4.50
8.25
10.00
0.50
-
2007/08
5.25
4.00
5.75
6.50
2.50
4.50
8.25
10.00
0.50
-
2007/07
5.25
4.00
5.75
6.25
2.50
4.50
8.25
9.50
0.50
-
2007/06
5.25
4.00
5.50
6.25
2.50
4.25
8.00
9.50
0.50
-
2007/05
5.25
3.75
5.50
6.25
2.25
4.25
7.75
9.00
0.50
-
2007/04
5.25
3.75
5.25
6.25
2.25
4.25
7.75
9.00
0.50
-
2007/03
5.25
3.75
5.25
6.25
2.25
4.25
7.50
9.00
0.50
-
2007/02
5.25
3.50
5.25
6.25
2.00
4.25
7.25
9.00
0.50
-
2007/01
5.25
3.50
5.25
6.25
2.00
4.25
7.25
9.00
0.25
-
2006/12
5.25
3.50
5.00
6.25
2.00
4.25
7.25
9.00
0.25
-
2006/11
5.25
3.25
5.00
6.25
1.75
4.25
7.25
8.50
0.25
-
2006/10
5.25
3.25
4.75
6.00
1.75
4.25
7.25
8.50
0.25
-
2006/09
5.25
3.00
4.75
6.00
1.75
4.25
7.25
8.00
0.25
-
2006/08
5.25
3.00
4.75
6.00
1.50
4.25
7.25
8.00
0.25
-
2006/07
5.25
2.75
4.50
5.75
1.50
4.25
7.25
7.50
0.25
-
2006/06
5.25
2.75
4.50
5.75
1.50
4.25
7.25
7.50
0.10
-
2006/05
5.00
2.50
4.50
5.75
1.25
4.25
7.25
7.00
0.10
-
2006/04
4.75
2.50
4.50
5.50
1.25
4.00
7.25
7.00
0.10
-
2006/03
4.75
2.50
4.50
5.50
1.25
3.75
7.25
7.00
0.10
-
2006/02
4.50
2.25
4.50
5.50
1.00
3.50
7.25
7.00
0.10
-
2006/01
4.25
2.25
4.50
5.50
1.00
3.50
7.25
7.00
0.10
-
2005/12
4.25
2.25
4.50
5.50
1.00
3.25
7.25
7.00
0.10
-
2005/11
4.00
2.00
4.50
5.50
0.75
3.00
7.00
7.00
0.10
-
2005/10
3.75
2.00
4.50
5.50
0.75
3.00
7.00
7.00
0.10
-
2005/09
3.75
2.00
4.50
5.50
0.75
2.75
6.75
7.00
0.10
-
2005/08
3.50
2.00
4.50
5.50
0.75
2.50
6.75
7.00
0.10
-
2005/07
3.25
2.00
4.75
5.50
0.75
2.50
6.75
7.00
0.10
-
2005/06
3.00
2.00
4.75
5.50
0.75
2.50
6.75
7.00
0.10
-
2005/05
3.00
2.00
4.75
5.50
0.75
2.50
6.75
7.00
0.10
-
2005/04
2.75
2.00
4.75
5.50
0.75
2.50
6.75
7.00
0.10
-
2005/03
2.75
2.00
4.75
5.50
0.75
2.50
6.75
7.50
0.10
-
2005/02
2.50
2.00
4.75
5.25
0.75
2.50
6.50
7.50
0.10
-
2005/01
2.25
2.00
4.75
5.25
0.75
2.50
6.50
7.50
0.10
-